WT_residue_type	chain_ID	Residue_#	G	A	V	L	I	M	F	W	P	S	T	C	Y	N	Q	D	E	K	R	H
K	A	870	0.25484	0.18672	0.70932	0.04388	0.36716	0.26326	0.20244	0.3272	0.18898	-0.23208	0.3362	-0.11762	0.2457	-0.06914	-0.11752	0.46844	0.49606	-0.0001	-0.17332	-0.0583
P	A	871	1.03654	0.95404	0.09004	0.4776	-0.0091	0.29008	0.86042	1.25372	0.00432	1.18066	0.3801	0.46778	1.36792	1.0991	0.884	0.88722	1.26286	0.49912	0.25458	0.92916
K	A	872	1.3384	0.92646	0.65818	-0.17586	0.16764	-0.5663	-0.5282	-0.34308	1.82708	0.9438	1.48664	0.65892	-0.26418	0.8266	0.42152	0.86184	0.42214	-0.014	-0.6892	0.52764
K	A	873	0.6652	0.63958	0.3363	0.0212	0.05358	-0.16894	0.20338	0.44064	0.57806	-0.01372	0.23402	0.53882	0.02212	0.66504	0.06116	0.91206	0.84582	0	-0.0297	-0.95826
L	A	896	0.72146	0.63884	0.36362	0.01688	0.69212	0.14732	-0.34594	1.47882	0.9941	0.63794	0.65842	0.62584	1.59764	0.65336	0.43336	0.72644	0.79794	0.50784	1.29528	0.41354
S	A	897	0.496	-0.50096	0.68428	1.11036	0.48134	0.30924	8.08614	7.96494	-0.2699	8.00E-05	1.32974	-0.20728	8.75512	-0.16158	0.8786	-0.07294	-0.07974	1.19916	1.33412	6.58274
R	A	898	0.09766	0.26368	0.20522	0.4344	0.45976	0.62868	1.15016	1.7688	4.4203	0.21928	-0.13866	0.4319	1.5511	0.38872	-0.04644	1.42556	0.7308	0.19364	-0.0128	0.47736
R	A	899	0.69784	0.78618	0.82518	0.13002	0.23938	-0.55156	0.27866	-0.3512	1.09308	0.74516	0.79646	0.82522	0.3406	0.6418	0.19846	0.67744	0.84502	-0.75018	0.0006	0.78948
H	A	919	0.16408	0.0561	0.30084	0.0656	0.31938	0.10912	0.03362	0.17742	0.02942	0.18522	0.20366	0.1215	0.11748	0.09556	0.05714	-0.14954	-0.07852	0.14926	0.24496	0.01934
A	A	920	0.49214	0	-0.27466	-0.04408	0.23778	-0.76664	-0.47998	0.28414	8.87456	0.07294	0.8481	-0.24654	-0.13848	0.25246	-0.3427	0.52782	0.30566	0.08128	-0.44222	0.49468
G	A	921	0	0.02084	1.38438	-0.07452	1.06518	-0.02904	-0.20806	0.05806	1.08302	0.067	1.28878	-0.15688	0.00408	-0.59508	-0.6824	-0.68876	-0.76058	0.03558	0.0676	-0.4044
R	A	927	0.3881	0.52574	0.47598	0.7124	0.35926	0.77546	0.45404	0.12518	0.9954	0.6099	0.78304	0.35428	0.07242	0.30518	0.5337	0.62738	0.41322	0.43062	0.17022	0.76902
T	A	946	2.02442	1.46864	2.10388	1.01434	2.79038	3.70798	5.74094	26.04629	1.78656	0.42692	-0.00602	1.53006	12.56727	1.79362	3.79766	2.15116	3.76294	5.18618	5.62846	1.97958
I	A	947	1.71838	1.80064	0.48118	-0.49208	-0.00014	-0.33148	0.93532	0.42876	0.90358	1.93094	0.65878	0.7961	0.85064	1.65306	0.59216	1.32044	1.18326	-0.3803	0.23346	1.48148
A	A	948	0.4164	0	-0.42076	1.997	0.39978	1.59472	2.6423	7.9359	1.75742	0.2585	0.554	0.03194	5.0214	1.19958	0.91932	1.79014	1.1518	1.7801	2.03052	3.4397
K	A	968	0.45318	0.50686	0.53826	0.41486	0.47342	0.68988	0.62162	0.75266	0.42894	0.57618	0.59138	0.43136	0.65998	0.54142	0.29458	0.38482	0.91628	0.19262	-0.02614	0.53456
T	A	994	-0.0398	-0.0021	-0.10276	-0.14984	-0.26978	-0.17726	0.22866	-0.19048	-0.03398	0.03204	4.00E-05	0.01572	0.5549	0.17876	0.06304	0.36022	0.25952	0.4969	0.17822	0.34508
H	A	996	0.98376	0.9831	0.92842	0.77608	0.56304	0.9882	0.30036	0.43988	1.82482	0.39472	0.37488	0.6639	0.60834	0.30158	0.31904	1.29536	1.45246	1.10552	1.10428	0.1467
R	A	1000	2.20336	2.11312	1.9217	2.48964	2.26554	2.51118	2.54304	3.14884	2.11956	1.58656	1.9428	1.71038	1.37124	2.33124	1.70668	2.87552	2.77156	2.14334	0	2.55566
R	A	1003	0.50186	0.59648	0.2884	0.00914	0.38202	-1.17708	-0.21974	0.24476	0.50998	0.56524	0.58384	0.3233	-0.12972	0.60594	0.6167	0.67452	0.76114	0.2564	0.2474	0.52214
L	A	1004	2.32764	1.9277	0.89838	-0.02448	0.90654	-0.21878	3.24312	6.1588	2.12586	2.18182	1.62106	1.52572	7.87499	1.72344	1.62942	2.16652	2.2118	1.38166	1.79146	2.36364
I	A	1005	0.10948	0.0466	-0.03172	-0.1573	-0.01492	-0.633	0.12704	1.07674	0.4744	0.14354	0.13774	0.04066	0.56776	0.54224	0.19492	1.1057	0.16754	-0.07674	0.1288	1.1159
M	A	1007	0.67882	0.6848	0.73014	0.33404	0.458	0.00176	0.31212	0.58264	0.67508	0.48462	0.38564	0.66262	0.5541	0.65154	0.89842	0.69594	0.56372	-0.10304	-0.05496	0.63382
E	A	1008	1.4896	1.11164	1.49024	1.66642	2.0652	1.62094	1.59934	1.91604	1.72628	1.09592	1.4524	1.24878	1.50662	1.85142	0.93964	0.94742	-0.07052	0.94246	1.12156	1.28954
T	A	1110	1.42416	1.27514	2.0408	3.47294	2.82564	2.63106	8.42496	8.44182	1.05462	0.56866	-0.00022	1.00644	6.41846	1.85166	3.06048	2.34318	2.67384	3.11536	4.13528	6.72358
N	A	1112	0.1664	0.3389	0.42386	0.05128	0.17412	-0.77336	0.15064	-0.87778	0.2362	0.46438	0.71672	0.36488	0.17332	6.00E-05	0.46518	1.0064	1.309	-0.2347	0.1123	0.03006
M	A	1113	-0.27708	-0.15148	0.00898	-0.06984	0.0116	0.0278	-0.82288	-0.57606	0.34314	0.65772	0.00758	-0.0609	-0.44852	0.51684	0.51498	0.43968	0.54982	-0.49028	0.69668	0.2419
G	A	1120	0	0	0	0	0	0	0	0	0	0	0	0	0	0	0	0	0	0	0	0
S	A	1121	-0.00686	-0.0058	-0.0276	-0.00356	-0.00516	-0.00518	-0.01046	-0.02512	-0.00608	0	-0.01356	-0.00338	-0.0143	-0.00184	-0.01916	-0.0211	-0.01896	-0.002	-0.00832	-0.01124
K	A	1122	0	0	0	0	0	0	0	0	0	0	0	0	0	0	0	0	0	0	0	0
S	A	1123	0.00054	0	0	0	0	0	0	0	0	0	0	0	0	0.00184	0.00784	0.00092	0.00132	0	-0.18678	0.00152
R	A	1139	0	0	0	0.00052	-0.00172	0.0032	0	-0.00226	-0.0015	0	0.0041	0	-0.00314	0.00652	0	-0.01404	0.00048	0	0	0
N	A	1162	0.74898	0.85448	-0.02604	0.25792	-0.18786	-0.7348	-0.29882	-0.6301	0.99222	0.49302	-0.89596	-0.13596	1.87068	-0.0011	0.9324	0.19356	1.08596	2.30944	1.60722	1.59704
A	A	1163	-0.1486	0	0.21764	-0.60866	-0.96178	-1.34504	-0.50934	-0.78146	-0.28482	0.0288	0.41302	0.10662	-0.51822	0.01186	-0.38104	-0.04542	-0.29052	-0.70784	-0.92352	-0.0567
N	A	1164	1.7587	1.01014	0.43112	0.72518	1.24666	0.27234	6.53646	6.17764	2.8363	1.6885	0.94276	-0.36722	6.60888	-0.01286	1.14684	-0.28102	1.45286	0.60606	0.95244	3.86338
D	A	1165	0.63232	-0.03786	0.42386	-0.9715	0.15518	-1.20716	-0.3269	-0.35466	0.52724	0.17164	0.67914	-0.0751	-0.3259	-0.37432	-0.92632	0	-0.40378	-1.43444	-1.66094	-0.39968
Q	A	1166	0.9983	0.3954	-0.64978	-0.95098	-0.5224	-0.72016	-0.2419	-2.00714	0.79568	0.99694	1.02958	0.0005	0.76916	-0.0964	-0.06646	0.91446	1.07246	0.04612	-0.05238	-0.05718
I	A	1168	1.83404	1.5443	0.44518	0.10698	-0.01332	-0.27064	0.17916	1.9282	1.40886	1.77378	1.20436	1.30944	0.98624	1.41438	1.30944	2.02726	1.83746	0.08708	0.7128	0.80726
A	A	1169	0.02396	0	0.15746	0.2491	0.24624	0.18586	0.11984	-0.26034	0.10114	0.1047	0.15566	0.1829	0.1764	0.2201	0.1994	0.21842	0.34746	0.5159	1.38028	0.29638
Y	A	1170	0.1795	0.20644	0.23452	0.20348	0.19882	0.0503	-0.11084	-0.1972	0.22732	0.21176	0.23676	0.18546	0.00636	0.26456	0.3036	0.24856	0.3151	0.28934	0.5219	0.26746
